442
203
304
674
825
412
795
698
677
890
981
283
292
382
795
373
645
487
811
898
998
903
763
20
659
568
173
84
496
730
460
744
629
65
695
261
137
871
709
977
263
545
455
364
680
654
962
618
311
148
581
674
967
161
54
314
770
934
76
488
630
728
97
139
870
235
124
93
160
52
317
681
723
647
647
901
336
337
965
114
103
370
390
242
31
853
79
524
68
307
89
366
13
570
331
90
14
878
133
7
459
988
846
2
233
980
406
99
223
872
592
549
599
178
171
788
316
823
834
237
683
762
606
742
203
167
999
729
43
53
197
578
689
793
134
88
772
890
218
860
217
649
502
550
384
456
375
729
329
530
584
133
34
164
272
212
292
726
504
229
960
822
87
600
404
378
356
672
145
479
994
338
860
840
23
796
917
141
427
802
1
42
496
617
431
83
377
803
875
63
210
895
48
204
826
996
571
851
649
661
203
36
20
782
221
111
691
171
65
512
850
829
290
348
317
339
700
178
660
205
320
155
735
417
604
765
897
817
792
247
755
553
892
342
497
936
783
498
315
683
188
820
956
224
25
197
464
515
999
830
471
760
213
638
336
79
993
961
221
26
911
293
451
706
739
189
338
672
69
656
207
65
945
934
649
150
896
627
135
304
571
829
972
263
522
282
568
788
86
951
135
306
198
604
304
545
288
931
495
374
832
534
298
603
742
819
934
398
437
651
925
759
309
134
696
329
937
132
944
747
607
740
60
69
273
573
588
101
914
745
887
55
416
422
848
461
394
843
795
446
270
605
829
543
586
64
108
327
335
148
994
383
778
20
846
778
306
203
992
944
54
416
123
135
530
248
555
665
294
184
435
135
515
390
874
216
79
877
640
141
882
481
689
158
393
229
491
354
979
470
468
894
168
628
901
300
518
909
463
132
706
142
316
492
924
674
182
754
58
931
108
994
470
798
176
314
631
452
976
709
552
741
635
878
148
879
512
484
2
635
836
709
618
669
244
289
850
646
154
13
886
797
363
811
165
16
557
208
633
237
701
390
776
223
696
21
662
825
34
274
358
718
605
447
893
295
632
403
930
205
432
892
654
27
770
725
377
596
131
620
725
326
954
25
825
251
854
178
135
897
596
816
390
513
649
989
529
973
316
414
978
609
982
520
63
357
684
306
127
511
372
536
958
123
35
351
938
594
806
609
94
49
533
946
881
987
902
123
740
864
581
690
12
609
431
463
106
315
936
638
185
141
125
182
353
788
445
394
387
264
452
704
513
947
273
939
946
859
221
100
401
843
309
245
135
560
993
555
719
202
448
600
657
33
762
601
479
505
169
713
766
104
525
633
590
125
643
786
465
952
318
824
71
165
649
413
419
550
945
461
956
101
597
718
807
634
480
549
969
710
132
671
214
623
228
275
250
288
190
939
885
813
605
535
257
85
321
682
663
677
483
62
156
254
884
89
594
205
184
308
495
480
655
739
152
314
577
517
288
905
897
143
496
299
721
794
413
712
468
995
720
485
681
478
33
487
879
795
346
246
988
180
802
992
580
197
653
703
46
354
429
824
437
978
8
206
363
893
539
639
750
912
73
264
672
374
941
701
567
798
452
493
947
389
303
254
370
543
872
405
44
469
806
336
654
524
92
744
270
601
644
1000
756
246
576
540
206
747
571
387
260
30
712
104
659
842
513
957
838
706
193
356
961
722
969
197
677
868
903
733
582
456
69
315
382
600
728
651
353
588
915
287
383
887
186
378
723
414
452
224
689
386
845
438
276
142
287
791
11
175
795
53
9
683
465
252
743
218
156
9
110
28
128
279
486
627
504
935
609
594
655
792
471
814
29
905
190
65
5
475
952
945
272
543
900
94
46
36
326
73
316
833
21
538
254
964
710
387
340
802
936
232
221
306
707
129
444
494
353
205
239
758
504
857
132
106
476
330
848
522
352
861
641
894
779
268
293
756
236
186
246
541
253
90
983
664
391
671
473
625
863
261
539
109
319
240
263
182
686
151
241
518
922
601
792
583
457
849
125
256
403
313
543
893
202
47
427
827
86
267
502
701
560
233
235
750
515
145
324
672
753
659
674
607
417
35
428
751
601
353
794
852
860
938
437
770
503
165
9
160
506
473
646
488
141
129
593
444
246
961
342
118
463
751
533
851
85
449
417
958
931
148
386
439
405
875
467
334
17
311
763
51
562
61
555
670
594
86
891
438
276
679
594
756
570
152
187
199
984
456
265
281
566
932
164
266
966
3
179
10
370
910
876
146
389
207
186
104
988
276
678
632
327
940
158
165
824
580
352
147
36
774
895
595
111
414
689
879
458
83
148
211
702
108
582
7
363
43
535
585
382
243
124
929
348
60
960
966
310
789
285
940
169
536
155
190
171
212
930
433
16
261
18
372
888
508
966
609
923
509
745
949
349
417
979
540
626
444
926
782
932
771
290
300
36
442
721
374
836
802
714
610
263
42
773
12
369
522
995
100
306
583
90
965
930
819
396
991
170
263
726
267
802
694
81
537
365
467
89
685
608
774
244
729
823
544
575
149
994
871
587
449
206
729
559
772
406
531
225
156
7
885
926
765
850
777
517
447
703
109
990
913
910
867
320
124
343
187
6
151
392
92
46
41
75
66
186
99
883
420
444
803
920
46
540
691
903
530
770
525
652
168
860
712
931
758
592
925
751
98
537
947
691
982
337
565
273
453
152
271
193
110
184
708
618
550
590
921
479
427
983
544
875
243
678
486
501
593
886
471
458
498
366
952
951
255
752
674
483
397
386
592
746
518
603
716
683
564
680
817
237
485
771
884
649
796
675
155
602
719
624
691
740
333
245
244
763
615
431
809
846
358
193
46
958
550
702
319
305
707
192
672
303
117
416
429
252
765
343
765
236
107
308
198
717
388
74
254
629
251
418
2
353
383
118
932
179
153
638
439
660
685
71
558
446
300
414
168
258
630
92
122
372
740
574
495
51
32
100
985
400
754
902
934
800
600
590
385
45
436
328
677
510
755
125
725
79
690
115
455
554
901
464
216
416
873
646
959
549
232
937
557
332
190
867
374
293
322
72
892
517
722
28
226
654
706
825
602
984
252
558
713
661
574
770
784
492
162
422
879
965
446
594
93
536
461
542
531
702
184
599
883
956
187
493
660
324
604
803
137
747
887
43
956
973
324
13
378
651
122
145
216
563
677
915
416
903
380
262
535
922
473
303
962
145
702
681
542
567
344
492
516
728
397
373
87
9
741
334
21
377
582
333
531
908
335
293
227
773
8
557
557
388
985
294
780
486
578
306
822
463
819
47
401
951
190
987
768
296
690
834
237
50
604
73
661
62
215
427
133
982
157
69
232
980
826
580
712
711
650
858
658
471
127
396
750
793
823
829
964
4
724
152
22
649
857
896
414
594
257
464
715
211
268
416
483
678
734
681
814
147
442
449
830
323
862
167
125
44
244
437
26
391
147
856
696
487
343
77
23
413
561
269
672
535
893
459
796
438
986
983
774
1
443
929
911
633
694
133
985
62
15
266
807
54
866
614
161
964
130
371
172
865
105
589
222
906
721
500
659
934
471
519
226
37
111
806
37
578
543
384
150
444
570
599
334
714
878
476
368
436
325
952
189
769
478
429
320
405
291
320
799
230
470
438
609
249
639
580
880
844
845
27
913
40
526
75
139
800
237
810
668
70
619
519
634
460
146
738
483
528
758
821
656
187
257
181
866
612
448
949
835
959
826
191
832
233
728
909
560
631
147
204
175
708
186
230
850
814
842
585
635
865
645
715
833
594
998
1000
747
548
609
960
82
507
987
816
601
834
478
77
781
856
598
278
965
577
884
147
908
689
489
687
561
197
426
417
934
359
896
897
510
117
812
412
22
560
482
428
26
903
808
814
936
148
375
26
721
478
147
405
216
679
726
378
708
850
57
224
647
326
5
796
927
89
434
656
89
113
616
269
112
774
448
826
915
772
676
103
536
895
52
21
251
71
879
535
162
52
460
703
386
128
364
253
640
68
813
414
955
730
56
431
744
166
41
344
984
760
565
192
722
606
518
723
516
290
259
871
370
477
65
683
562
572
286
826
56
514
538
273
946
923
965
877
20
903
154
338
370
312
121
686
76
804
330
747
713
394
412
646
577
493
933
408
674
612
594
358
501
751
755
626
162
438
700
983
298
54
334
503
530
733
321
204
713
136
603
430
554
565
277
676
464
278
367
141
117
872
282
356
93
105
811
613
293
887
575
526
257
711
642
759
400
537
537
112
445
423
105
648
498
647
999
91
840
355
549
141
134
843
904
217
616
13
711
367
484
523
335
895
665
421
538
246
222
959
726
636
434
264
931
434
721
825
442
562
947
41
197
5
721
991
301
445
918
524
735
772
633
616
232
778
693
202
542
487
941
153
248
522
530
995
240
813
870
415
998
831
889
163
901
130
245
792
146
171
674
816
57
481
465
546
325
700
44
544
135
707
197
669
255
872
672
540
153
719
740
979
359
211
308
488
424
473
257
8
306
952
931
733
267
280
808
820
354
112
751
552
331
614
87
232
188
968
334
474
984
945
678
441
474
96
881
121
445
578
575
519
43
570
276
675
716
7
956
817
430
652
473
151
725
870
602
139
482
31
22
987
887
356
514
951
114
945
722
861
718
892
974
442
180
416
200
899
96
985
815
614
546
611
794
263
270
709
152
261
413
75
810
995
227
865
403
810
527
928
412
241
877
629
138
579
362
441
401
817
944
645
343
469
408
743
552
704
174
624
300
484
738
78
496
614
992
770
91
921
512
510
953
388
672
804
866
376
969
551
790
228
565
259
160
266
152
960
377
152
803
942
688
754
440
595
30
904
651
845
90
255
532
120
387
55
376
646
335
853
225
197
815
115
725
66
9
448
945
989
573
180
666
236
620
265
683
101
552
977
736
234
894
984
581
626
479
745
199
277
60
603
792
172
186
632
755
478
764
727
724
724
447
919
748
197
982
411
883
265
424
194
120
400
928
426
978
606
336
574
977
286
487
970
909
394
546
413
391
889
12
492
849
135
439
635
102
878
396
444
365
259
847
576
593
231
134
550
265
987
57
9
652
992
14
787
662
464
314
60
387
531
941
794
178
676
801
232
229
2
323
58
691
251
13
14
201
897
165
327
565
587
507
653
563
731
132
852
973
933
432
168
129
698
547
462
202
827
866
442
761
643
299
809
437
729
15
412
125
598
912
670
183
968
422
746
157
95
509
907
400
554
789
143
923
918
145
296
275
74
941
350
634
620
747
366
259
572
101
684
941
142
874
493
648
670
925
270
644
390
471
953
999
367
293
399
816
699
949
592
502
298
892
200
889
620
444
66
760
437
952
555
152
16
958
352
463
891
324
646
686
1000
543
121
861
880
511
671
906
551
422
780
760
711
445
184
101
752
365
394
18
148
295
45
796
553
230
933
614
547
2
756
905
309
320
702
533
755
294
624
76
447
986
533
292
834
124
451
738
712
462
975
554
564
146
193
178
71
509
172
741
707
564
986
464
163
825
367
631
681
524
938
222
252
584
841
542
980
579
803
199
5
379
999
961
269
699
229
174
312
167
10
569
815
480
259
47
653
122
138
760
678
238
342
276
868
625
502
525
266
845
270
861
230
870
989
921
238
909
416
523
228
994
365
968
189
664
810
805
995
294
77
813
21
692
339
763
374
32
913
640
501
122
962
574
387
954
463
717
354
511
762
788
629
259
395
847
633
18
879
119
405
45
938
422
863
295
554
391
789
554
741
433
894
353
99
658
579
326
640
348
368
190
174
141
111
549
48
338
221
882
693
571
658
566
407
629
494
669
308
694
690
367
174
708
326
940
799
942
150
571
932
866
798
654
650
336
612
168
826
982
897
381
996
364
169
193
217
721
872
810
756
956
526
3
668
92
337
576
930
407
871
201
706
200
677
745
951
663
666
418
721
652
269
717
50
44
988
476
274
591
584
520
128
702
424
860
476
195
731
703
601
825
491
4
498
700
546
118
526
135
963
383
403
889
732
215
249
755
915
281
794
902
446
613
436
809
41
188
409
629
167
284
355
17
934
458
736
861
981
877
844
28
360
660
515
293
453
43
509
34
405
841
117
453
124
772
396
906
849
19
222
410
742
298
917
637
612
816
147
520
977
931
765
496
338
610
827
388
315
382
277
745
569
48
492
48
185
638
226
347
467
273
123
428
279
971
324
974
374
819
1
752
284
840
980
585
649
381
650
676
686
969
384
943
405
974
989
428
704
758
422
449
356
624
88
676
95
832
449
189
518
412
198
637
645
982
39
361
711
653
970
277
319
987
627
43
994
744
333
98
396
768
831
782
647
410
214
813
577
875
486
728
867
795
386
736
315
107
609
425
717
337
235
391
701
962
291
194
408
985
525
46
24
532
221
592
475
603
772
826
351
978
873
217
180
171
490
335
619
890
900
500
557
756
72
806
557
448
352
55
770
788
77
34
267
327
906
913
871
698
829
106
228
168
841
151
837
735
597
392
944
890
255
594
151
847
912
53
182
632
322
979
220
569
270
636
854
876
230
511
408
725
83
314
900
20
173
596
468
111
693
24
869
507
153
362
519
621
744
864
73
577
113
574
3
930
108
341
58
470
673
720
891
275
242
254
376
176
340
571
672
355
39
878
245
131
76
573
465
626
641
488
9
237
160
935
50
766
263
440
364
794
2
600
268
509
170
231
772
848
945
936
411
827
821
371
928
624
679
176
367
874
471
497
317
314
667
506
784
34
844
545
945
151
402
773
955
38
693
374
15
17
108
131
809
384
765
119
315
610
961
269
960
4
935
656
232
49
484
839
128
971
869
540
708
705
76
856
629
548
304
38
614
743
819
322
770
812
563
438
470
731
249
174
740
823
989
511
822
113
599
685
569
871
850
448
411
685
752
967
852
573
142
937
773
845
460
329
981
648
494
296
424
366
49
813
332
113
142
509
141
756
888
30
486
404
985
244
535
648
920
461
32
253
302
934
630
748
785
200
166
619
518
472
993
681
820
977
461
441
46
364
158
344
210
672
645
530
960
756
286
189
242
471
276
138
504
894
308
249
65
302
454
941
411
800
86
192
862
988
761
242
109
727
757
148
68
831
751
777
274
415
571
530
309
954
553
364
248
953
832
44
57
927
963
220
761
927
146
687
920
488
728
366
838
398
212
538
149
301
615
316
229
776
383
605
83
396
13
975
563
528
960
263
523
459
876
223
888
287
674
684
980
446
605
742
826
171
515
500
543
272
669
304
108
40
178
504
169
167
141
714
694
253
58
744
460
359
334
541
850
339
191
671
730
943
897
445
173
694
236
685
10
955
736
627
402
374
202
452
890
597
278
523
985
904
611
409
82
289
805
946
125
181
548
145
427
425
437
76
768
252
447
253
760
695
316
433
694
256
892
1000
99
466
427
371
687
766
955
828
498
764
860
65
669
994
147
774
49
603
43
380
325
576
481
566
507
715
137
644
25
406
71
844
601
659
625
609
315
555
633
164
786
810
576
879
238
849
836
912
683
79
603
657
102
296
98
815
121
108
810
576
682
93
569
530
423
166
723
64
543
846
546
169
200
135
805
212
314
690
518
52
619
100
135
587
913
580
476
832
25
290
751
288
18
759
605
117
947
844
927
78
191
330
225
762
760
125
917
880
103
650
999
201
829
122
834
994
882
222
921
313
655
16
689
932
467
204
679
382
122
910
250
616
98
499
667
652
737
874
457
259
937
122
343
153
984
698
838
618
481
641
530
829
528
37
764
533
153
423
106
76
303
167
256
359
687
994
802
124
42
944
820
506
56
431
836
644
828
96
937
337
224
211
46
732
580
498
872
84
263
93
672
188
128
812
498
44
713
305
752
159
899
411
532
828
246
127
596
167
755
646
588
943
853
789
887
45
854
182
677
368
347
97
792
217
317
207
592
220
121
517
758
867
444
727
791
908
855
91
133
253
49
213
585
747
18
64
442
736
560
314
457
591
983
355
947
441
482
475
131
644
308
1000
618
397
137
183
120
771
306
851
44
107
649
219
993
984
665
577
411
722
656
585
215
362
629
685
511
36
765
190
199
496
333
57
585
665
280
136
608
253
901
611
977
397
338
617
333
355
798
421
189
687
50
81
786
995
850
497
490
524
300
867
545
251
713
439
328
497
7
807
887
823
297
984
280
331
597
801
181
618
260
102
782
691
481
565
569
415
980
619
786
371
708
841
593
505
996
749
577
488
847
103
46
65
272
144
721
650
470
598
904
33
372
252
922
879
989
663
288
636
623
612
552
492
438
726
772
156
146
529
592
65
313
896
28
275
651
623
671
798
522
465
782
398
707
494
418
335
250
628
217
542
30
798
805
857
826
305
772
927
903
344
771
956
810
516
390
247
37
261
942
519
136
123
209
331
998
516
866
73
443
940
940
324
31
101
665
11
1
612
479
936
25
439
860
417
314
607
738
30
346
502
319
253
473
475
171
965
962
909
570
70
521
252
819
958
576
96
966
478
242
7
997
785
666
952
197
221
452
399
882
225
248
720
258
11
782
58
698
345
622
989
639
228
569
518
496
828
580
257
990
557
379
902
740
707
46
483
269
106
58
310
612
564
308
56
802
793
897
427
903
248
505
90
178
381
81
771
145
887
292
286
7
632
655
509
536
31
736
438
872
681
659
443
254
197
833
476
906
31
107
740
481
163
748
819
240
110
790
776
955
281
292
84
223
543
381
726
24
41
428
606
52
395
234
97
257
308
954
249
480
788
101
451
387
665
617
711
403
922
869
726
202
806
25
773
517
187
482
1
145
113
274
331
228
151
518
520
323
56
975
473
706
965
609
918
758
508
188
162
745
126
972
961
725
897
889
506
929
835
68
682
739
312
306
45
519
304
928
648
194
739
362
915
74
1000
91
982
76
835
149
840
575
774
471
464
144
150
95
677
315
707
505
797
166
150
875
793
854
374
666
293
948
16
815
315
365
278
908
503
286
549
439
780
684
793
473
132
566
19
337
226
998
46
254
624
117
988
282
329
17
132
315
910
88
616
377
468
155
259
382
144
322
779
162
393
37
788
761
553
562
267
957
361
622
900
545
116
615
721
390
708
972
441
709
879
772
781
267
88
174
855
839
794
264
947
227
951
147
809
760
911
537
38
251
81
87
99
478
23
935
414
576
312
442
537
437
317
548
691
691
878
123
629
265
529
111
478
692
268
574
696
207
1
476
662
688
209
291
829
910
963
85
6
16
977
492
309
775
902
980
799
218
131
591
828
710
559
949
634
162
370
999
921
59
601
473
236
236
725
446
758
939
15
921
267
648
513
381
768
659
480
304
104
371
316
476
633
887
532
689
980
33
708
310
766
274
899
972
616
394
174
765
512
817
886
672
491
466
661
89
909
192
713
930
419
174
735
869
422
957
618
598
554
743
59
11
784
795
284
904
976
904
923
326
400
675
611
420
666
305
126
685
326
316
592
311
812
487
576
905
881
325
371
738
867
514
261
152
722
451
3
507
340
977
628
660
953
550
913
49
272
458
567
165
115
732
600
88
296
969
785
682
57
329
115
797
738
303
63
874
119
286
793
165
489
627
520
686
270
73
772
158
805
983
809
42
687
36
680
135
753
315
312
424
994
390
728
128
7
872
47
176
751
948
246
56
512
782
538
36
903
908
301
931
641
515
234
125
271
515
386
624
108
475
419
619
606
460
809
415
217
396
450
145
389
708
643
958
639
597
552
560
606
502
751
940
285
380
662
235
673
180
386
273
692
486
408
493
123
961
797
572
947
550
125
862
424
747
962
767
698
989
495
730
719
733
619
127
55
880
948
379
478
694
985
37
524
567
643
98
332
458
176
215
634
993
565
543
923
178
421
843
989
932
538
952
474
833
142
868
789
281
189
354
650
735
331
5
43
298
290
166
321
888
112
512
161
614
341
190
713
833
526
951
787
934
705
363
790
64
236
354
159
782
892
273
723
605
601
443
647
269
626
389
868
4
175
316
823
103
749
258
762
186
287
260
746
877
366
996
790
146
716
529
145
140
112
724
384
995
25
269
494
49
805
845
363
87
41
762
100
502
389
57
508
658
960
649
933
689
248
653
918
896
523
503
204
164
787
1000
299
938
196
487
759
487
140
89
335
692
73
902
35
693
25
483
457
740
877
989
494
191
35
239
601
765
642
910
945
755
261
563
786
670
657
608
82
501
686
682
889
672
386
262
967
366
681
54
58
278
587
484
801
92
790
451
982
67
695
278
254
602
514
742
35
401
806
225
575
821
156
352
519
147
806
700
605
144
708
841
986
839
984
983
787
808
603
581
869
339
134
141
584
831
87
918
601
462
638
316
757
165
763
807
221
796
740
815
685
706
742
351
907
140
470
286
808
859
859
498
969
739
708
142
472
150
408
829
928
288
387
870
180
340
476
741
284
974
88
626
863
86
774
253
941
1000
696
842
375
189
383
243
980
614
45
14
791
366
974
92
687
387
397
958
5
119
683
381
126
610
669
930
20
380
786
973
89
781
852
703
161
203
395
457
19
912
879
139
641
231
388
504
62
102
557
555
609
576
139
483
488
115
524
762
745
815
699
300
249
286
344
755
540
476
514
392
319
498
545
116
533
481
446
197
298
161
583
872
461
413
994
606
32
128
761
301
321
102
421
944
169
1000
45
782
330
782
204
586
36
929
645
837
854
690
710
949
776
702
834
294
551
938
355
109
426
511
371
466
513
850
921
338
788
783
413
836
920
944
639
406
420
166
888
722
312
186
257
870
225
974
765
546
321
381
892
462
332
777
688
293
496
919
377
490
656
344
325
858
840
827
735
972
883
39
397
959
554
939
759
47
337
594
230
988
234
589
37
996
226
284
36
798
600
411
140
95
912
568
721
541
127
718
355
362
747
386
671
767
948
391
94
979
712
454
998
107
197
283
407
256
903
559
418
283
464
909
297
741
140
795
665
43
431
939
514
898
576
759
53
732
82
2
249
114
633
592
76
609
898
392
464
445
105
331
152
587
226
658
68
956
455
866
702
49
64
663
171
173
272
310
687
377
32
6
54
745
577
143
457
664
124
777
501
758
339
209
140
108
924
268
299
213
646
332
297
500
961
224
59
132
355
177
197
564
429
458
449
479
222
154
11
993
171
235
211
225
233
611
689
737
275
436
629
359
567
996
710
855
387
133
41
174
145
650
192
951
972
909
228
477
994
81
252
548
693
365
357
446
537
2
838
131
393
171
215
533
558
790
502
950
534
7
60
642
649
827
915
880
166
518
438
99
607
570
500
253
262
626
171
291
119
571
45
794
369
573
549
284
488
837
562
162
96
936
314
797
115
920
367
765
460
401
474
231
139
400
523
350
204
322
985
780
574
607
690
935
967
602
467
433
267
347
3
528
888
775
114
946
405
551
618
131
622
847
278
170
329
973
144
866
811
167
715
895
331
421
722
363
128
471
933
163
528
396
648
996
586
992
898
36
319
184
372
652
392
449
816
773
237
295
235
116
122
266
609
195
647
50
955
253
949
233
755
45
110
904
348
902
862
753
692
149
765
40
634
82
28
523
814
184
995
878
363
372
779
301
266
270
550
573
455
528
968
7
549
966
15
377
348
275
709
912
451
23
725
465
206
99
87
701
317
776
939
740
968
322
465
875
107
378
846
335
199
235
785
41
978
227
850
285
548
445
399
294
981
333
209
258
885
578
847
939
203
245
992
416
780
602
87
555
541
197
713
451
319
142
643
847
234
273
150
812
9
815
494
451
582
973
361
544
779
724
764
163
212
933
189
812
312
704
129
316
680
57
48
619
460
527
100
500
196
99
702
512
403
987
73
638
785
679
608
993
291
322
555
736
829
895
572
704
13
832
21
93
589
748
284
671
114
977
479
318
212
766
384
775
662
8
906
523
73
322
906
343
481
412
472
484
981
887
900
696
568
659
333
7
827
805
874
696
93
809
222
844
740
705
891
605
34
637
349
387
956
674
902
114
288
481
239
418
817
616
807
144
889
565
451
127
873
912
471
104
774
819
996
177
172
14
64
643
138
481
172
499
733
4
910
144
713
628
264
773
757
730
79
780
390
898
1
95
526
895
581
418
916
920
193
329
651
864
476
616
993
916
379
659
875
189
671
777
214
509
256
730
453
414
526
947
601
4
386
788
199
830
65
174
116
540
38
457
66
677
273
516
252
392
770
21
295
640
194
776
867
329
744
197
146
885
828
756
390
617
796
746
164
797
639
648
779
931
61
133
4
445
75
288
158
952
658
102
917
580
573
394
729
714
229
447
605
904
996
959
258
299
511
696
287
453
584
438
494
930
12
701
752
730
341
117
925
790
989
655
936
2
308
534
134
249
232
516
146
658
916
280
266
284
352
951
547
737
64
5
752
25
134
362
99
820
669
526
553
600
19
607
909
262
48
264
664
480
874
551
586
943
142
376
610
387
922
283
748
287
90
828
527
92
623
954
305
203
486
196
303
449
884
960
19
488
599
947
239
922
57
691
500
890
632
68
8
205
420
612
527
841
414
11
797
412
716
943
110
924
331
412
398
680
914
464
206
371
829
657
984
965
585
225
525
903
712
134
738
610
680
359
427
868
572
381
983
983
918
333
894
848
166
261
975
815
592
163
730
898
982
877
192
717
791
68
247
387
120
105
483
939
555
659
504
715
178
44
753
138
757
353
700
169
102
415
975
219
458
628
244
193
985
104
540
413
825
307
180
742
254
51
58
130
436
424
306
752
435
978
298
800
916
727
841
504
503
479
785
21
285
334
851
604
483
537
237
206
724
444
432
72
612
476
357
816
526
367
298
494
301
883
975
387
820
237
799
313
30
659
34
170
609
764
743
335
265
386
942
148
427
710
536
772
907
882
454
437
749
644
652
938
102
384
283
954
43
335
941
453
712
176
402
841
920
905
503
420
120
90
826
274
163
83
438
493
81
100
659
933
124
782
532
999
240
97
686
152
603
50
245
432
740
590
661
295
409
551
899
59
19
293
894
289
221
591
307
483
808
978
123
91
588
207
279
139
889
348
14
267
368
604
877
219
747
533
484
339
78
943
253
642
284
993
513
848
453
567
933
471
706
86
653
372
665
89
469
332
552
537
713
62
93
132
761
295
351
505
365
477
505
825
695
662
321
146
194
704
51
162
806
317
342
382
326
429
846
792
329
40
364
346
844
800
246
729
759
516
832
557
191
259
981
467
727
164
55
990
676
315
562
745
711
819
532
695
251
879
167
313
945
776
383
986
364
954
778
51
771
200
496
818
387
140
457
522
266
849
623
94
710
231
18
292
864
731
343
693
314
487
469
740
59
720
194
907
166
445
400
212
717
518
360
159
724
388
481
376
254
428
761
962
257
406
694
80
571
739
774
974
891
96
385
189
569
896
177
706
106
344
127
902
868
903
163
726
859
113
785
320
216
392
893
324
486
431
554
471
461
55
605
849
342
567
253
140
521
502
895
920
817
880
62
739
186
267
319
75
831
272
419
512
945
596
343
254
510
22
847
50
921
525
353
860
687
834
535
573
530
141
448
527
686
369
950
934
135
893
764
403
744
919
836
506
394
28
42
117
561
808
755
162
589
723
194
302
773
331
872
646
475
462
224
455
927
855
776
502
514
461
431
722
69
459
698
155
550
808
444
110
419
361
899
164
342
901
554
623
694
604
80
413
563
163
141
149
561
115
947
979
913
225
544
751
86
58
566
517
441
87
430
844
865
18
276
478
591
152
524
174
107
411
479
615
939
907
908
252
455
349
979
602
589
799
545
689
377
837
564
917
589
907
234
498
663
913
622
625
597
311
315
675
858
995
850
634
210
526
467
393
631
118
527
868
811
498
436
851
956
753
88
683
498
89
524
70
391
309
565
647
598
635
759
813
213
476
562
682
443
643
824
632
223
232
137
966
835
33
407
55
248
924
759
672
755
882
191
244
315
484
293
926
274
903
809
784
996
94
536
559
409
392
876
944
357
322
887
34
574
297
445
39
531
453
836
651
41
544
328
188
895
388
724
673
196
949
851
857
626
392
622
427
511
111
494
157
214
428
353
501
853
789
268
586
842
693
224
727
441
165
864
392
44
817
626
774
871
443
99
550
32
473
308
256
109
600
603
343
212
539
355
7
907
698
919
979
754
756
199
655
942
954
353
499
925
761
589
157
575
795
487
72
694
773
182
452
971
445
919
927
942
141
611
30
644
66
321
688
451
388
483
448
807
18
133
441
772
470
814
174
608
938
75
314
583
835
423
333
819
989
81
377
145
600
750
404
695
623
853
1
661
67
311
324
219
97
496
375
209
498
576
58
110
287
282
906
42
541
73
588
457
665
994
322
471
9
40
284
663
149
204
1000
486
548
808
241
647
792
632
746
178
573
155
729
788
37
484
924
983
216
530
603
78
215
160
769
356
762
667
828
624
376
882
295
514
312
491
124
365
208
822
484
144
284
510
202
556
416
773
79
455
278
817
18
667
675
592
346
151
376
921
700
834
138
709
198
919
280
883
455
17
882
930
536
463
446
134
878
631
654
970
25
179
746
438
131
100
196
988
426
411
975
858
611
78
862
540
716
794
549
395
188
433
90
985
410
839
474
539
627
102
424
765
54
191
912
413
310
698
607
364
499
995
906
203
203
460
700
951
458
985
477
56
212
543
456
618
908
375
295
486
66
172
248
109
252
367
942
669
943
235
396
295
185
961
818
47
664
198
924
631
132
322
232
36
40
53
584
808
700
213
233
418
907
506
383
292
887
430
597
297
670
37
623
782
398
109
333
123
665
461
736
68
783
811
901
44
629
373
858
556
953
467
848
927
930
23
301
31
631
324
611
237
960
887
905
641
285
770
89
431
554
81
599
609
376
68
1000
758
425
917
171
952
205
947
515
506
429
713
578
287
824
411
852
238
11
266
850
536
56
45
852
920
768
432
764
68
710
160
581
808
527
468
615
248
915
911
914
488
672
638
992
237
700
941
239
635
840
719
861
49
447
265
690
139
550
907
53
458
240
795
472
944
998
57
691
128
870
417
44
441
652
690
868
349
752
768
259
88
86
988
914
887
294
476
590
801
555
542
434
403
963
811
244
853
603
599
727
400
860
851
517
345
306
161
213
189
297
625
673
50
788
938
716
130
465
756
380
990
175
116
737
316
114
445
612
449
878
200
267
778
378
646
813
951
267
593
927
633
850
620
884
369
532
109
578
564
96
641
79
368
241
668
581
196
17
846
860
546
454
342
977
260
895
214
203
225
284
249
31
222
494
384
524
622
417
324
721
788
595
112
193
980
752
761
45
775
345
696
612
707
81
785
212
555
369
242
797
630
534
612
298
427
838
247
908
813
840
944
779
596
898
411
967
546
864
683
45
219
193
820
86
471
517
359
17
931
143
318
32
484
151
436
140
918
545
922
975
923
426
293
175
1000
134
267
29
491
842
533
773
224
171
808
427
28
619
658
567
201
712
135
173
596
940
773
391
59
553
790
978
503
945
484
936
229
12
353
161
690
418
947
204
751
205
963
162
711
721
74
506
77
259
122
70
329
634
50
664
175
879
374
407
958
338
867
268
462
256
33
293
327
997
191
989
431
254
199
105
980
948
432
29
966
894
414
75
843
232
680
227
594
74
643
598
54
853
447
367
204
658
281
397
136
975
87
281
931
823
529
914
89
909
543
787
768
938
435
725
667
384
942
515
299
67
167
544
26
285
354
432
758
358
610
89
211
881
191
112
800
882
881
984
184
769
489
807
497
450
782
509
178
530
389
725
46
148
604
800
38
999
611
342
644
279
115
960
740
54
638
845
583
764
501
957
405
556
87
267
236
526
901
739
334
571
63
991
921
64
719
68
14
975
492
955
377
204
368
286
789
371
265
426
773
757
479
557
879
360
286
117
42
327
905
56
590
332
194
42
741
198
137
273
968
305
652
687
250
26
444
875
946
689
916
535
713
475
420
678
1
165
957
776
433
548
609
617
302
519
886
953
675
395
300
791
532
42
814
234
860
538
559
332
774
159
871
311
670
383
839
3
401
35
766
609
731
22
538
893
936
167
107
423
760
232
12
849
963
189
177
579
82
960
229
888
880
632
381
833
239
228
207
250
31
520
388
849
892
268
697
530
538
158
237
614
122
249
798
226
424
714
537
693
403
361
521
799
558
5
972
473
699
967
923
942
992
220
730
985
699
408
552
177
1000
611
859
946
752
111
63
224
866
129
717
632
895
990
467
396
218
104
553
344
764
389
35
755
834
408
517
512
14
771
789
88
13
878
375
568
707
697
909
405
665
922
588
585
398
879
321
292
391
738
260
890
521
792
916
3
726
469
323
397
580
508
243
915
461
939
377
38
904
894
576
474
215
946
387
674
474
14
40
118
822
63
351
745
818
137
716
208
555
583
31
36
110
678
256
115
711
83
526
72
432
285
66
813
833
40
915
304
474
574
951
296
917
621
193
482
308
681
56
977
904
307
864
923
470
178
616
835
138
714
619
270
353
925
272
1000
918
823
167
983
469
218
49
515
368
376
431
349
618
866
804
367
91
731
433
225
934
831
13
751
146
594
112
581
348
151
603
223
174
612
100
583
277
780
276
741
5
264
527
646
689
994
29
265
297
735
699
927
128
226
454
173
54
4
393
460
616
335
89
480
866
177
234
512
949
153
886
610
591
787
499
885
982
314
333
569
645
412
403
73
76
533
90
447
142
525
63
396
779
946
180
202
667
688
575
491
52
380
59
307
417
582
300
289
881
286
620
320
363
265
998
608
731
615
60
35
933
410
545
554
273
150
187
768
982
235
676
268
848
460
540
262
631
188
43
950
628
935
29
433
906
841
910
330
793
135
61
250
480
671
358
531
937
700
933
237
818
28
781
694
687
297
473
909
347
295
274
649
652
950
979
605
142
718
773
751
550
337
534
901
859
78
566
799
765
371
940
616
17
125
380
262
591
995
516
459
734
124
44
803
967
593
582
416
98
887
580
662
498
503
945
718
558
80
709
247
573
121
298
927
258
464
183
428
876
82
371
465
6
498
460
999
55
423
176
506
800
113
738
569
939
785
26
805
40
722
988
617
114
141
190
555
734
859
949
342
422
405
776
293
368
893
695
312
246
937
303
415
567
807
353
308
2
915
260
882
939
664
692
746
542
101
273
567
117
84
65
528
882
669
505
916
964
155
558
385
250
286
431
279
72
52
675
247
136
977
422
543
991
712
274
410
993
82
772
497
961
326
503
649
24
615
304
890
737
101
917
679
160
757
861
916
799
603
807
376
462
603
118
251
636
833
739
895
187
662
806
620
13
748
437
15
407
72
681
595
831
969
212
88
679
209
466
254
687
544
59
949
950
199
103
75
945
319
913
998
593
674
25
946
90
245
755
511
927
790
455
802
666
423
223
455
17
618
64
834
135
681
325
212
837
364
115
73
221
471
564
912
96
865
850
168
220
789
222
850
63
495
407
281
486
411
731
255
602
919
322
350
708
9
924
618
754
231
616
889
307
462
927
785
608
790
523
547
215
325
499
11
734
731
296
365
687
669
232
62
583
465
318
316
523
838
971
409
862
423
169
105
656
770
488
291
423
924
337
243
208
13
724
515
464
746
295
435
403
118
607
301
523
24
517
570
613
878
532
445
523
499
619
626
220
394
230
599
1000
687
206
332
912
877
957
402
280
595
888
829
672
197
777
68
116
312
929
69
871
975
367
325
80
724
883
796
406
889
121
812
49
749
418
38
962
182
596
908
302
881
639
961
143
409
86
958
796
424
936
511
435
540
365
940
318
277
629
13
838
601
430
647
351
580
16
434
134
500
858
233
444
720
740
587
515
414
750
263
904
13
689
490
248
279
370
609
755
25
313
478
847
177
501
785
943
306
809
61
992
565
34
313
537
692
332
499
404
5
828
612
862
402
696
444
861
263
764
871
386
604
711
842
697
508
518
714
20
939
228
711
100
612
478
413
981
812
944
927
156
797
719
793
253
117
717
968
758
94
518
107
207
542
899
803
939
343
553
225
661
408
974
955
583
48
607
863
744
829
193
341
966
701
158
73
646
566
165
194
600
451
641
167
770
802
135
282
810
410
596
270
183
961
770
591
189
569
964
498
507
835
206
47
230
672
731
164
439
505
734
300
958
160
921
666
90
140
709
60
132
951
134
718
600
444
303
825
648
179
600
834
550
923
818
829
266
919
833
635
894
568
323
343
801
964
650
941
264
819
809
295
178
345
258
305
685
582
442
441
228
765
763
959
839
384
860
267
697
960
728
788
84
197
311
415
821
286
873
121
755
567
800
869
951
867
459
377
799
69
875
851
680
875
257
810
966
406
500
777
514
285
752
154
769
286
100
356
309
687
874
238
618
141
308
279
494
536
148
446
801
494
506
201
526
824
19
567
31
288
310
337
249
28
616
382
662
438
893
104
467
651
696
641
296
25
868
986
242
399
259
990
422
670
160
393
461
167
770
762
708
702
921
383
668
8
911
693
567
892
885
317
523
553
381
58
220
951
333
93
559
741
404
960
592
927
993
706
900
678
993
364
151
335
16
475
587
45
992
531
663
695
338
88
703
140
582
432
875
834
533
526
869
85
108
194
36
203
392
212
969
806
670
321
102
645
637
473
619
73
256
75
7
182
466
623
797
722
7
449
570
443
286
430
143
289
348
2
770
230
533
803
574
426
467
688
381
556
686
283
325
640
839
693
650
19
815
214
783
953
897
566
529
735
202
471
685
652
74
658
700
304
662
400
509
680
770
807
84
916
930
238
66
295
199
395
677
119
676
616
733
644
604
364
79
279
652
722
946
394
852
802
640
801
205
833
330
692
186
267
34
12
825
630
44
412
683
985
344
530
879
161
814
870
751
784
936
723
612
718
989
771
783
598
155
375
717
675
418
975
512
640
347
691
302
259
470
307
377
126
796
348
77
969
364
276
779
79
135
261
718
904
675
965
673
833
174
270
885
234
579
638
822
762
664
342
118
930
451
279
171
886
379
426
812
279
612
465
213
807
412
18
433
572
355
471
872
381
700
259
335
368
37
971
303
547
499
460
235
887
818
400
133
664
595
246
25
705
685
777
243
576
756
315
866
882
320
563
735
709
483
114
562
602
462
602
106
63
7
420
243
75
959
465
560
889
236
567
51
561
258
970
68
250
225
841
523
877
978
25
952
887
965
515
315
683
547
299
264
539
223
239
753
77
152
935
575
215
423
877
623
818
449
696
649
222
550
617
96
717
463
818
692
932
377
538
247
233
625
887
581
200
475
96
470
786
139
883
781
490
374
370
576
790
210
49
250
731
36
796
118
704
802
85
773
531
915
995
796
795
470
785
766
160
252
185
417
395
768
446
583
241
734
222
140
223
33
970
822
744
835
910
556
674
60
586
879
790
628
938
883
183
401
829
335
81
479
561
378
778
960
817
165
875
918
888
269
265
305
547
233
431
702
882
827
586
251
478
903
895
744
74
449
741
455
13
181
28
301
901
559
304
683
988
55
550
57
606
596
851
53
566
36
669
615
23
207
531
600
491
716
829
101
598
852
684
491
758
187
716
170
479
251
166
646
232
21
993
631
729
682
844
136
252
652
828
120
359
149
181
455
295
902
655
671
949
739
678
165
846
109
641
983
110
605
725
968
306
755
262
612
494
568
183
634
698
834
990
535
15
910
64
537
102
297
828
686
196
67
771
610
900
480
393
26
322
241
435
410
786
663
495
161
360
620
854
412
179
840
791
446
380
995
843
960
969
442
772
248
784
452
72
539
245
159
586
361
445
247
219
212
176
76
931
828
158
599
877
29
954
217
815
576
29
514
430
910
325
977
117
242
688
824
40
144
480
747
1000
321
237
757
944
534
562
86
672
414
603
21
728
769
637
194
507
786
518
781
677
615
759
674
294
210
843
190
232
124
871
922
740
308
946
112
251
83
228
622
387
976
671
210
197
119
790
790
273
34
826
422
647
145
400
780
172
863
885
656
465
620
777
814
607
606
992
921
324
238
847
615
399
710
809
325
898
314
933
284
473
359
874
631
164
733
915
586
599
949
375
840
43
197
587
838
451
745
306
536
987
707
386
775
674
483
929
250
473
198
536
738
137
207
628
114
923
682
642
268
578
271
10
694
902
275
691
190
566
337
443
913
606
725
863
700
612
872
393
85
660
333
652
473
772
105
318
451
395
64
975
755
590
720
380
897
568
59
630
713
915
343
501
249
852
506
735
596
742
209
890
977
17
994
774
600
574
481
319
865
148
320
664
392
613
806
89
540
191
147
206
835
756
903
153
798
716
310
385
470
768
350
829
866
475
42
439
963
790
192
998
593
734
298
61
630
600
160
867
723
377
261
322
444
902
232
415
264
382
629
538
376
29
531
540
885
729
808
863
899
259
949
786
320
632
666
172
715
591
718
900
566
575
338
225
37
627
318
644
511
853
262
562
730
420
559
476
620
717
456
954
466
48
941
519
833
144
380
553
573
892
658
733
172
751
584
408
643
135
775
226
970
411
527
916
131
497
220
892
146
97
776
223
685
720
108
792
32
939
986
106
619
60
998
197
80
496
487
854
213
118
403
802
205
908
632
568
460
257
377
535
400
517
11
609
404
846
726
111
514
165
828
320
354
636
99
331
416
387
82
764
81
462
987
111
981
200
79
730
909
457
627
824
234
193
914
364
678
258
364
692
268
57
340
740
723
912
37
419
542
690
61
263
23
963
800
861
371
202
72
350
519
261
986
673
684
367
217
857
198
293
103
459
124
237
251
528
988
100
433
486
213
549
580
25
121
30
288
994
457
175
327
492
223
140
862
517
731
380
946
538
240
525
394
415
605
207
185
719
553
282
726
626
34
808
21
444
190
293
252
773
841
536
193
85
933
995
903
835
480
260
729
497
196
283
501
719
793
640
363
81
579
927
715
658
187
553
900
889
581
104
694
293
582
251
26
87
79
143
951
854
955
866
977
703
481
335
329
716
645
651
749
122
659
246
979
851
475
498
511
188
803
275
65
931
666
440
765
207
987
559
882
701
285
488
748
176
82
803
236
227
438
547
331
173
318
486
706
168
428
550
671
177
201
526
183
587
521
812
312
386
243
802
385
940
600
105
468
640
960
140
218
84
202
436
195
520
540
655
333
670
446
266
63
702
759
548
1
490
890
221
259
152
870
264
40
66
558
758
929
850
255
920
255
744
139
941
908
121
581
70
312
9
386
668
918
428
662
764
822
323
758
943
573
833
81
470
464
508
35
913
877
675
243
15
936
830
532
709
164
273
768
761
973
800
728
869
813
711
162
176
538
998
205
541
797
913
811
10
382
947
683
830
266
707
468
443
247
726
777
141
560
666
912
480
493
233
251
369
625
235
353
463
485
212
904
925
120
674
51
371
919
333
145
296
692
323
65
483
120
90
338
42
271
97
139
476
34
479
243
88
498
18
654
84
391
518
282
454
530
470
646
936
933
271
34
544
953
731
766
911
986
238
809
291
899
66
660
538
723
886
697
442
693
253
716
516
825
824
351
867
449
357
855
798
167
725
593
640
800
161
984
551
756
63
248
137
995
909
475
44
413
156
8
546
701
546
930
702
503
823
573
824
442
649
456
111
864
373
328
269
311
783
771
879
223
611
399
746
444
11
636
537
290
207
741
273
796
479
343
710
291
596
994
706
795
936
143
670
230
915
294
501
727
747
540
600
747
102
296
601
20
131
79
124
173
427
950
215
732
112
654
465
832
269
733
673
380
610
188
809
465
150
637
309
951
177
160
786
873
25
909
133
22
942
847
335
845
843
9
996
921
801
557
956
594
721
175
761
540
554
37
276
358
270
616
191
686
223
234
465
936
778
655
509
741
942
319
937
111
341
925
499
908
6
458
220
321
514
2
749
443
414
341
283
126
701
553
496
292
885
131
714
854
170
135
535
629
65
423
169
750
743
522
228
721
329
667
599
286
659
236
598
124
485
811
403
262
62
243
136
986
727
658
753
632
417
811
593
381
617
45
803
528
370
890
815
254
418
326
813
670
553
960
123
705
608
354
742
771
261
854
818
377
943
470
379
884
195
677
787
529
723
875
330
932
804
821
278
802
513
297
389
993
721
886
298
644
856
542
732
477
799
998
969
313
30
19
614
87
51
346
671
268
226
285
146
291
787
462
407
265
781
296
166
163
828
271
821
91
427
721
115
5
130
70
349
688
53
978
45
367
957
665
328
122
32
265
923
123
187
329
710
920
812
863
922
89
911
462
846
355
981
802
355
869
317
109
181
426
382
218
401
372
715
105
971
827
628
692
386
706
565
136
252
316
581
840
958
172
345
853
244
883
668
889
137
117
578
787
146
831
208
408
898
204
604
17
61
237
594
84
757
427
407
530
381
605
995
963
770
830
817
508
754
565
625
241
608
50
500
969
19
506
345
271
148
771
410
540
964
19
958
609
720
167
773
396
945
472
980
181
516
328
762
20
50
667
94
750
123
907
176
623
316
105
774
747
712
353
305
539
367
314
577
370
898
201
355
165
753
977
850
42
211
812
46
324
270
175
425
704
780
754
346
444
129
571
43
372
277
855
950
667
935
93
141
1000
460
144
86
717
852
139
994
194
94
866
362
322
699
814
345
272
644
390
510
702
567
192
321
785
64
538
229
647
425
240
628
92
196
247
614
180
